0,15
15,0
16,30,50
30,16,50
50,16,30
17,31,51
31,17,51
51,17,31
18,32,52
32,18,52
52,18,32
19,33,53
33,19,53
53,19,33
29,39,68
39,29,68
68,29,39
34,45
45,34
35,46
46,35
36,47
47,36
37,48
48,37
38,49
49,38
77,85
85,77
78,86,95
86,78,95
95,78,86
79,87,96
87,79,96
96,79,87
81,97
97,81
82,98
98,82
83,99
99,83
84,100
100,84
88,151
151,88
89,152
152,89
90,153
153,90
93,141
141,93
101,139
139,101
104,129
129,104
105,130
130,105
106,131
131,106
107,132
132,107
108,133
133,108
109,134
134,109
110,142
142,110
111,143
143,111
112,144
144,112
113,145
145,113
114,119,124,146
119,114,124,146
124,114,119,146
146,114,119,124
115,120,125,147
120,115,125,147
125,115,120,147
147,115,120,125
116,121,126,148
121,116,126,148
126,116,121,148
148,116,121,126
117,122,127,149
122,117,127,149
127,117,122,149
149,117,122,127
118,123,128,150
123,118,128,150
128,118,123,150
150,118,123,128
163,167
167,163
164,168
168,164
165,169
169,165
166,173,177
173,166,177
177,166,173
174,178
178,174
175,179
179,175
176,180
180,176
187,189,191,207
189,187,191,207
191,187,189,207
207,187,189,191
188,190,192,208
190,188,192,208
192,188,190,208
208,188,190,192
193,195
195,193
194,196
196,194
197,218,228
218,197,228
228,197,218
198,219,229
219,198,229
229,198,219
199,220,230
220,199,230
230,199,220
200,221,231
221,200,231
231,200,221
201,222,232
222,201,232
232,201,222
202,223,233
223,202,233
233,202,223
203,224,234
224,203,234
234,203,224
204,225,235
225,204,235
235,204,225
205,226,236
226,205,236
236,205,226
206,227,237
227,206,237
237,206,227
238,268
268,238
240,354
354,240
241,362
362,241
242,363
363,242
243,364
364,243
244,365
365,244
255,340
340,255
256,341
341,256
258,281,296,311,366
281,258,296,311,366
296,258,281,311,366
311,258,281,296,366
366,258,281,296,311
265,269
269,265
266,270
270,266
267,271
271,267
282,297,312,367
297,282,312,367
312,282,297,367
367,282,297,312
283,298,313,368
298,283,313,368
313,283,298,368
368,283,298,313
284,299,314,369
299,284,314,369
314,284,299,369
369,284,299,314
285,300,315,370
300,285,315,370
315,285,300,370
370,285,300,315
286,301,316,371
301,286,316,371
316,286,301,371
371,286,301,316
287,302,317,372
302,287,317,372
317,287,302,372
372,287,302,317
288,318,373
318,288,373
373,288,318
289,303,319,374
303,289,319,374
319,289,303,374
374,289,303,319
290,304,320,375
304,290,320,375
320,290,304,375
375,290,304,320
291,305,321,376
305,291,321,376
321,291,305,376
376,291,305,321
292,306,322,377
306,292,322,377
322,292,306,377
377,292,306,322
293,307,323,378
307,293,323,378
323,293,307,378
378,293,307,323
294,308,324,379
308,294,324,379
324,294,308,379
379,294,308,324
295,309,325,380
309,295,325,380
325,295,309,380
380,295,309,325
326,381,401,405
381,326,401,405
401,326,381,405
405,326,381,401
327,382,402,406
382,327,402,406
402,327,382,406
406,327,382,402
328,383,403,407
383,328,403,407
403,328,383,407
407,328,383,403
329,384,404,408
384,329,404,408
404,329,384,408
408,329,384,404
330,385,409
385,330,409
409,330,385
331,386,410
386,331,410
410,331,386
332,387,411
387,332,411
411,332,387
333,388,412
388,333,412
412,333,388
334,389,413
389,334,413
413,334,389
335,390,414
390,335,414
414,335,390
336,391,415
391,336,415
415,336,391
337,392,416
392,337,416
416,337,392
338,393,417
393,338,417
417,338,393
339,394,418
394,339,418
418,339,394
420,448
448,420
421,449
449,421
461,465
465,461
467,472
472,467
468,478
478,468
469,479
479,469
470,480
480,470
471,481
481,471
502,513,540
513,502,540
540,502,513
503,514,541
514,503,541
541,503,514
504,515,542
515,504,542
542,504,515
505,516,543
516,505,543
543,505,516
511,544
544,511
512,539
539,512
518,521,524,546
521,518,524,546
524,518,521,546
546,518,521,524
519,522,525
522,519,525
525,519,522
520,523,526,547
523,520,526,547
526,520,523,547
547,520,523,526
527,533
533,527
528,534
534,528
529,535
535,529
530,536
536,530
531,537
537,531
532,538
538,532
557,581
581,557
558,582
582,558
559,583
583,559
560,584
584,560
561,585
585,561
562,586
586,562
563,587
587,563
564,588
588,564
565,589
589,565
566,590
590,566
595,623
623,595
596,624
624,596
597,625
625,597
598,626
626,598
599,627
627,599
614,635
635,614
615,636
636,615
616,637
637,616
643,649
649,643
644,650
650,644
645,651
651,645
646,652,674
652,646,674
674,646,652
647,653
653,647
648,654
654,648
686,699
699,686
687,700
700,687
688,701
701,688
689,702
702,689
690,703
703,690
691,704
704,691
692,705
705,692
693,706
706,693
694,707
707,694
695,732
732,695
696,733
733,696
697,734
734,697
698,735
735,698
721,726
726,721
722,727
727,722
723,728
728,723
724,729
729,724
725,730
730,725
742,775
775,742
743,776
776,743
750,778
778,750
751,779
779,751
752,761,773
761,752,773
773,752,761
753,762,774
762,753,774
774,753,762
754,767
767,754
755,768
768,755
756,769
769,756
757,770
770,757
759,777
777,759
786,789,832
789,786,832
832,786,789
787,792
792,787
788,793
793,788
790,833
833,790
791,834
834,791
805,816,821
816,805,821
821,805,816
806,817
817,806
807,818
818,807
848,850
850,848
849,851
851,849
857,869
869,857
862,865
865,862
866,871
871,866
872,892
892,872
873,893
893,873
886,891
891,886
908,911
911,908
909,912
912,909
910,913
913,910
928,929
929,928
942,943
943,942
950,958
958,950
951,959
959,951
952,960
960,952
961,966
966,961
963,967
967,963
964,968
968,964
976,992
992,976
977,993
993,977
978,994
994,978
979,995
995,979
990,1009
1009,990
1011,1014,1020
1014,1011,1020
1020,1011,1014
1012,1015,1021
1015,1012,1021
1021,1012,1015
1013,1016,1022
1016,1013,1022
1022,1013,1016
1026,1028,1031
1028,1026,1031
1031,1026,1028
1027,1029,1032
1029,1027,1032
1032,1027,1029
1030,1033
1033,1030
1034,1038
1038,1034
1036,1039
1039,1036
1049,1098
1098,1049
1050,1099
1099,1050
1051,1100
1100,1051
1052,1101
1101,1052
1053,1102
1102,1053
1054,1103
1103,1054
1055,1061,1067
1061,1055,1067
1067,1055,1061
1056,1062,1068
1062,1056,1068
1068,1056,1062
1057,1063,1069
1063,1057,1069
1069,1057,1063
1058,1064,1070
1064,1058,1070
1070,1058,1064
1059,1065,1071
1065,1059,1071
1071,1059,1065
1060,1066,1072
1066,1060,1072
1072,1060,1066
1073,1078,1083
1078,1073,1083
1083,1073,1078
1074,1079
1079,1074
1075,1080,1085
1080,1075,1085
1085,1075,1080
1076,1081
1081,1076
1077,1082
1082,1077
1092,1104,1110
1104,1092,1110
1110,1092,1104
1093,1105,1111
1105,1093,1111
1111,1093,1105
1094,1106,1112
1106,1094,1112
1112,1094,1106
1095,1107,1113
1107,1095,1113
1113,1095,1107
1096,1108,1114
1108,1096,1114
1114,1096,1108
1097,1109,1115
1109,1097,1115
1115,1097,1109
1117,1118
1118,1117
1125,1132,1141,1155,1169
1132,1125,1141,1155,1169
1141,1125,1132,1155,1169
1155,1125,1132,1141,1169
1169,1125,1132,1141,1155
1126,1133,1142,1156,1170
1133,1126,1142,1156,1170
1142,1126,1133,1156,1170
1156,1126,1133,1142,1170
1170,1126,1133,1142,1156
1127,1134,1143,1157,1171
1134,1127,1143,1157,1171
1143,1127,1134,1157,1171
1157,1127,1134,1143,1171
1171,1127,1134,1143,1157
1128,1135,1144,1158,1172
1135,1128,1144,1158,1172
1144,1128,1135,1158,1172
1158,1128,1135,1144,1172
1172,1128,1135,1144,1158
1129,1136,1145,1159,1173
1136,1129,1145,1159,1173
1145,1129,1136,1159,1173
1159,1129,1136,1145,1173
1173,1129,1136,1145,1159
1130,1137,1146,1160
1137,1130,1146,1160
1146,1130,1137,1160
1160,1130,1137,1146
1131,1147,1161
1147,1131,1161
1161,1131,1147
1148,1162,1180,1182
1162,1148,1180,1182
1180,1148,1162,1182
1182,1148,1162,1180
1149,1163,1181,1183
1163,1149,1181,1183
1181,1149,1163,1183
1183,1149,1163,1181
1150,1164,1184
1164,1150,1184
1184,1150,1164
1151,1165,1185
1165,1151,1185
1185,1151,1165
1152,1166,1186
1166,1152,1186
1186,1152,1166
1153,1167,1187
1167,1153,1187
1187,1153,1167
1154,1168,1188
1168,1154,1188
1188,1154,1168
1203,1216,1241
1216,1203,1241
1241,1203,1216
1204,1217,1242
1217,1204,1242
1242,1204,1217
1205,1218,1243
1218,1205,1243
1243,1205,1218
1206,1219,1244
1219,1206,1244
1244,1206,1219
1207,1220,1245
1220,1207,1245
1245,1207,1220
1208,1221
1221,1208
1222,1246
1246,1222
1223,1247
1247,1223
1224,1248
1248,1224
1225,1249
1249,1225
1226,1250
1250,1226
1252,1261,1287
1261,1252,1287
1287,1252,1261
1253,1262,1288
1262,1253,1288
1288,1253,1262
1254,1263,1289
1263,1254,1289
1289,1254,1263
1265,1290
1290,1265
1267,1271,1301
1271,1267,1301
1301,1267,1271
1268,1272,1302
1272,1268,1302
1302,1268,1272
1273,1303
1303,1273
1274,1304
1304,1274
1275,1305
1305,1275
1276,1297
1297,1276
1277,1298
1298,1277
1278,1299
1299,1278
1279,1300
1300,1279
1315,1333
1333,1315
1316,1334
1334,1316
1317,1335
1335,1317
1318,1336
1336,1318
1319,1337
1337,1319
1320,1338
1338,1320
