438,439
440,441
387,388
386,388
386,387
390,391
389,391
389,390
383
382
385
384
379
378
381
380
373,374
372,374
372,373
376,377
375,377
375,376
369
368
371
370
305,320,321,322,323
304,320,321,322,323
307,324,325,326,327
306,324,325,326,327
301
300
303
302
221,222,240,241,250,258,259,260,292,293,294,295
220,222,240,241,250,258,259,260,292,293,294,295
220,221,240,241,250,258,259,260,292,293,294,295
224,225,242,243,251,261,262,263,296,297,298,299
223,225,242,243,251,261,262,263,296,297,298,299
223,224,242,243,251,261,262,263,296,297,298,299
215,216
214,216
214,215
218,219
217,219
217,218
153
152
155
154
149
148
151
150
145
144
147
146
121,122,176,177,178,142
120,122,176,177,178,142
120,121,176,177,178,142
124,125,179,180,181,143
123,125,179,180,181,143
123,124,179,180,181,143
117
116
119
118
21
20
23
22
17
16
19
18
13
12
15
14
7,8
6,8
6,7
10,11
9,11
9,10
463
462
465
464
33,60,61,76,98,99,100
32,60,61,76,98,99,100
35,62,63,77,101,102,103
34,62,63,77,101,102,103
29,44,45,56,57,82,83
28,44,45,56,57,82,83
31,46,47,58,59,84,85
30,46,47,58,59,84,85
25
24
27
26
28,29,45,56,57,82,83
28,29,44,56,57,82,83
30,31,47,58,59,84,85
30,31,46,58,59,84,85
41
40
43
42
37
36
39
38
645,646,647
644,646,647
644,645,647
644,645,646
649,650,651
648,650,651
648,649,651
648,649,650
639,640
638,640
638,639
642,643
641,643
641,642
631,632
630,632
630,631
634,635
633,635
633,634
625,626
624,626
624,625
628,629
627,629
627,628
603,604
602,604
602,603
606,607
605,607
605,606
595,596,597
594,596,597
594,595,597
594,595,596
599,600,601
598,600,601
598,599,601
598,599,600
589,590
588,590
588,589
592,593
591,593
591,592
583,584
582,584
582,583
586,587
585,587
585,586
575,576,577,608,609,610,614,615,616
574,576,577,608,609,610,614,615,616
574,575,577,608,609,610,614,615,616
574,575,576,608,609,610,614,615,616
579,580,581,611,612,613,617,618,619
578,580,581,611,612,613,617,618,619
578,579,581,611,612,613,617,618,619
578,579,580,611,612,613,617,618,619
309,310,674,675
308,310,674,675
308,309,674,675
312,313,676,677
311,313,676,677
311,312,676,677
233,234,235,670,671,248
232,234,235,670,671,248
232,233,235,670,671,248
232,233,234,670,671,248
237,238,239,672,673,249
236,238,239,672,673,249
236,237,239,672,673,249
236,237,238,672,673,249
227,228
226,228
226,227
230,231
229,231
229,230
171,172
170,172
170,171
174,175
173,175
173,174
165,166
164,166
164,165
168,169
167,169
167,168
157,158,159,564,190,191,192,193
156,158,159,564,190,191,192,193
156,157,159,564,190,191,192,193
156,157,158,564,190,191,192,193
161,162,163,565,194,195,196,197
160,162,163,565,194,195,196,197
160,161,163,565,194,195,196,197
160,161,162,565,194,195,196,197
543,544
542,544
542,543
546,547
545,547
545,546
537,538,548,549,550,551,552
536,538,548,549,550,551,552
536,537,548,549,550,551,552
540,541,553,554,555,556,557
539,541,553,554,555,556,557
539,540,553,554,555,556,557
505,506
504,506
504,505
508,509
507,509
507,508
499,500,518,519,534,110,111,112
498,500,518,519,534,110,111,112
498,499,518,519,534,110,111,112
502,503,520,521,535,113,114,115
501,503,520,521,535,113,114,115
501,502,520,521,535,113,114,115
49,50,51,514,515
48,50,51,514,515
48,49,51,514,515
48,49,50,514,515
53,54,55,516,517
52,54,55,516,517
52,53,55,516,517
52,53,54,516,517
232,233,234,235,671,248
232,233,234,235,670,248
236,237,238,239,673,249
236,237,238,239,672,249
245,274,275,276,277,278
244,274,275,276,277,278
247,279,280,281,282,283
246,279,280,281,282,283
220,221,222,241,250,258,259,260,292,293,294,295
220,221,222,240,250,258,259,260,292,293,294,295
223,224,225,243,251,261,262,263,296,297,298,299
223,224,225,242,251,261,262,263,296,297,298,299
232,233,234,235,670,671
236,237,238,239,672,673
220,221,222,240,241,258,259,260,292,293,294,295
223,224,225,242,243,261,262,263,296,297,298,299
432,439
432,438
433,441
433,440
435
434
437
436
423
422
425
424
419,426,427
418,426,427
421,428,429
420,428,429
409,410
408,410
408,409
412,413
411,413
411,412
401,402,403
400,402,403
400,401,403
400,401,402
405,406,407
404,406,407
404,405,407
404,405,406
481,482
480,482
480,481
484,485
483,485
483,484
475,476
474,476
474,475
478,479
477,479
477,478
703,704
702,704
702,703
706,707
705,707
705,706
697,698
696,698
696,697
700,701
699,701
699,700
691,692
690,692
690,691
694,695
693,695
693,694
685,686
684,686
684,685
688,689
687,689
687,688
679,680
678,680
678,679
682,683
681,683
681,682
304,305,321,322,323
304,305,320,322,323
304,305,320,321,323
304,305,320,321,322
306,307,325,326,327
306,307,324,326,327
306,307,324,325,327
306,307,324,325,326
315,316
314,316
314,315
318,319
317,319
317,318
220,221,222,240,241,250,259,260,292,293,294,295
220,221,222,240,241,250,258,260,292,293,294,295
220,221,222,240,241,250,258,259,292,293,294,295
223,224,225,242,243,251,262,263,296,297,298,299
223,224,225,242,243,251,261,263,296,297,298,299
223,224,225,242,243,251,261,262,296,297,298,299
253,254
252,254
252,253
256,257
255,257
255,256
663,664
662,664
662,663
666,667
665,667
665,666
657,658,668
656,658,668
656,657,668
660,661,669
659,661,669
659,660,669
127,128,132,133,134,135,136
126,128,132,133,134,135,136
126,127,132,133,134,135,136
130,131,137,138,139,140,141
129,131,137,138,139,140,141
129,130,137,138,139,140,141
71,72
70,72
70,71
74,75
73,75
73,74
65,66
64,66
64,65
68,69
67,69
67,68
32,33,61,76,98,99,100
32,33,60,76,98,99,100
34,35,63,77,101,102,103
34,35,62,77,101,102,103
28,29,44,45,57,82,83
28,29,44,45,56,82,83
30,31,46,47,59,84,85
30,31,46,47,58,84,85
729
728
731
730
574,575,576,577,609,610,614,615,616
574,575,576,577,608,610,614,615,616
574,575,576,577,608,609,614,615,616
578,579,580,581,612,613,617,618,619
578,579,580,581,611,613,617,618,619
578,579,580,581,611,612,617,618,619
349
348
351
350
495
494
497
496
418,419,427
418,419,426
420,421,429
420,421,428
339,340
338,340
338,339
342,343
341,343
341,342
329,330,331,332
328,330,331,332
328,329,331,332
328,329,330,332
328,329,330,331
334,335,336,337
333,335,336,337
333,334,336,337
333,334,335,337
333,334,335,336
244,245,275,276,277,278
244,245,274,276,277,278
244,245,274,275,277,278
244,245,274,275,276,278
244,245,274,275,276,277
246,247,280,281,282,283
246,247,279,281,282,283
246,247,279,280,282,283
246,247,279,280,281,283
246,247,279,280,281,282
265,266,267,268,284,285,286,287
264,266,267,268,284,285,286,287
264,265,267,268,284,285,286,287
264,265,266,268,284,285,286,287
264,265,266,267,284,285,286,287
270,271,272,273,288,289,290,291
269,271,272,273,288,289,290,291
269,270,272,273,288,289,290,291
269,270,271,273,288,289,290,291
269,270,271,272,288,289,290,291
183,184
182,184
182,183
186,187
185,187
185,186
120,121,122,177,178,142
120,121,122,176,178,142
120,121,122,176,177,142
123,124,125,180,181,143
123,124,125,179,181,143
123,124,125,179,180,143
126,127,128,133,134,135,136
126,127,128,132,134,135,136
126,127,128,132,133,135,136
126,127,128,132,133,134,136
126,127,128,132,133,134,135
129,130,131,138,139,140,141
129,130,131,137,139,140,141
129,130,131,137,138,140,141
129,130,131,137,138,139,141
129,130,131,137,138,139,140
536,537,538,549,550,551,552
536,537,538,548,550,551,552
536,537,538,548,549,551,552
536,537,538,548,549,550,552
536,537,538,548,549,550,551
539,540,541,554,555,556,557
539,540,541,553,555,556,557
539,540,541,553,554,556,557
539,540,541,553,554,555,557
539,540,541,553,554,555,556
511
510
513
512
32,33,60,61,98,99,100
34,35,62,63,101,102,103
308,309,310,675
308,309,310,674
311,312,313,677
311,312,313,676
345
344
347
346
559
558
561
560
719,722,723,724
718,722,723,724
721,725,726,727
720,725,726,727
715
714
717
716
656,657,658
659,660,661
120,121,122,176,177,178
123,124,125,179,180,181
156,157,158,159,190,191,192,193
160,161,162,163,194,195,196,197
718,719,723,724
718,719,722,724
718,719,722,723
720,721,726,727
720,721,725,727
720,721,725,726
523
522
525
524
498,499,500,519,534,110,111,112
498,499,500,518,534,110,111,112
501,502,503,521,535,113,114,115
501,502,503,520,535,113,114,115
48,49,50,51,515
48,49,50,51,514
52,53,54,55,517
52,53,54,55,516
28,29,44,45,56,57,83
28,29,44,45,56,57,82
30,31,46,47,58,59,85
30,31,46,47,58,59,84
79
78
81
80
498,499,500,518,519,110,111,112
501,502,503,520,521,113,114,115
574,575,576,577,608,609,610,615,616
574,575,576,577,608,609,610,614,616
574,575,576,577,608,609,610,614,615
578,579,580,581,611,612,613,618,619
578,579,580,581,611,612,613,617,619
578,579,580,581,611,612,613,617,618
709,710
708,710
708,709
712,713
711,713
711,712
361,362,363
360,362,363
360,361,363
360,361,362
365,366,367
364,366,367
364,365,367
364,365,366
353,354,355
352,354,355
352,353,355
352,353,354
357,358,359
356,358,359
356,357,359
356,357,358
220,221,222,240,241,250,258,259,260,293,294,295
220,221,222,240,241,250,258,259,260,292,294,295
220,221,222,240,241,250,258,259,260,292,293,295
220,221,222,240,241,250,258,259,260,292,293,294
223,224,225,242,243,251,261,262,263,297,298,299
223,224,225,242,243,251,261,262,263,296,298,299
223,224,225,242,243,251,261,262,263,296,297,299
223,224,225,242,243,251,261,262,263,296,297,298
264,265,266,267,268,285,286,287
264,265,266,267,268,284,286,287
264,265,266,267,268,284,285,287
264,265,266,267,268,284,285,286
269,270,271,272,273,289,290,291
269,270,271,272,273,288,290,291
269,270,271,272,273,288,289,291
269,270,271,272,273,288,289,290
207,208,209
206,208,209
206,207,209
206,207,208
211,212,213
210,212,213
210,211,213
210,211,212
199,200,201
198,200,201
198,199,201
198,199,200
203,204,205
202,204,205
202,203,205
202,203,204
156,157,158,159,564,191,192,193
156,157,158,159,564,190,192,193
156,157,158,159,564,190,191,193
156,157,158,159,564,190,191,192
160,161,162,163,565,195,196,197
160,161,162,163,565,194,196,197
160,161,162,163,565,194,195,197
160,161,162,163,565,194,195,196
567,568,569
566,568,569
566,567,569
566,567,568
571,572,573
570,572,573
570,571,573
570,571,572
527,528,529
526,528,529
526,527,529
526,527,528
531,532,533
530,532,533
530,531,533
530,531,532
498,499,500,518,519,534,111,112
498,499,500,518,519,534,110,112
498,499,500,518,519,534,110,111
501,502,503,520,521,535,114,115
501,502,503,520,521,535,113,115
501,502,503,520,521,535,113,114
105,106
104,106
104,105
108,109
107,109
107,108
76,60,61,32,33
76,60,61,32,33
76,60,61,32,33
77,62,63,34,35
77,62,63,34,35
77,62,63,34,35
93,94
92,94
92,93
96,97
95,97
95,96
87,88
86,88
86,87
90,91
89,91
89,90
