291,421,422
299,300,301
300,299,301
301,299,300
304,305,306
305,304,306
306,304,305
308,429,430,431,432
310,311,312,410,411,414,433,434,435,551,552,553,554
311,310,312,410,411,414,433,434,435,551,552,553,554
312,310,311,410,411,414,433,434,435,551,552,553,554
313,314,315
314,313,315
315,313,314
319,320,321,515,516,534
320,319,321,515,516,534
321,319,320,515,516,534
326,327,328
327,326,328
328,326,327
338,339
339,338
340,341,448,449,508,580,581
341,340,448,449,508,580,581
342,343,372,373,450,451,529,530
343,342,372,373,450,451,529,530
344,345
345,344
372,342,343,373,450,451,529,530
373,342,343,372,450,451,529,530
374,375
375,374
376,377
377,376
348,349,350,351
349,348,350,351
350,348,349,351
351,348,349,350
378,379
379,378
380,381
381,380
382,383
383,382
384,385
385,384
352,353,354,355
353,352,354,355
354,352,353,355
355,352,353,354
386,387
387,386
388,389
389,388
356,357,358,359,510,511,538,539,540
357,356,358,359,510,511,538,539,540
358,356,357,359,510,511,538,539,540
359,356,357,358,510,511,538,539,540
390,391,504,505
391,390,504,505
360,361,362,363,406,407,415
361,360,362,363,406,407,415
362,360,361,363,406,407,415
363,360,361,362,406,407,415
392,393
393,392
394,395
395,394
396,397
397,396
364,365,366,367,535,559,560,561,562
365,364,366,367,535,559,560,561,562
366,364,365,367,535,559,560,561,562
367,364,365,366,535,559,560,561,562
398,399
399,398
400,401,490,491,492,493
401,400,490,491,492,493
402,403
403,402
404,405,525,526,563,564,576,577
405,404,525,526,563,564,576,577
368,369,370,371,527,528
369,368,370,371,527,528
370,368,369,371,527,528
371,368,369,370,527,528
406,360,361,362,363,407,415
407,360,361,362,363,406,415
408,409,478,479,480,481
409,408,478,479,480,481
410,310,311,312,411,414,433,434,435,551,552,553,554
411,310,311,312,410,414,433,434,435,551,552,553,554
415,360,361,362,363,406,407
414,310,311,312,410,411,433,434,435,551,552,553,554
421,291,422
422,291,421
423,424,453,454
424,423,453,454
455,456
456,455
425,426,427,428
426,425,427,428
427,425,426,428
428,425,426,427
457,458
458,457
459,460
460,459
461,462
462,461
463,464
464,463
465,466
466,465
467,468
468,467
469,470
470,469
429,308,430,431,432
430,308,429,431,432
431,308,429,430,432
432,308,429,430,431
498,499
499,498
433,310,311,312,410,411,414,434,435,551,552,553,554
434,310,311,312,410,411,414,433,435,551,552,553,554
435,310,311,312,410,411,414,433,434,551,552,553,554
436,437,438
437,436,438
438,436,437
500,501
501,500
439,440,441,533
440,439,441,533
441,439,440,533
442,443,444,486,487,488,489
443,442,444,486,487,488,489
444,442,443,486,487,488,489
502,503
503,502
445,446,447
446,445,447
447,445,446
448,340,341,449,508,580,581
449,340,341,448,508,580,581
450,342,343,372,373,451,529,530
451,342,343,372,373,450,529,530
510,356,357,358,359,511,538,539,540
511,356,357,358,359,510,538,539,540
453,423,424,454
454,423,424,453
471,472,473
472,471,473
473,471,472
474,475,476,477
475,474,476,477
476,474,475,477
477,474,475,476
478,408,409,479,480,481
479,408,409,478,480,481
480,408,409,478,479,481
481,408,409,478,479,480
482,483,484,485,555,556,557,558
483,482,484,485,555,556,557,558
484,482,483,485,555,556,557,558
485,482,483,484,555,556,557,558
513,514
514,513
515,319,320,321,516,534
516,319,320,321,515,534
486,442,443,444,487,488,489
487,442,443,444,486,488,489
488,442,443,444,486,487,489
489,442,443,444,486,487,488
490,400,401,491,492,493
491,400,401,490,492,493
492,400,401,490,491,493
493,400,401,490,491,492
494,495
495,494
508,340,341,448,449,580,581
504,390,391,505
505,390,391,504
506,507
507,506
518,520,521,522
533,439,440,441
534,319,320,321,515,516
535,364,365,366,367,559,560,561,562
520,518,521,522
521,518,520,522
522,518,520,521
523,524
524,523
525,404,405,526,563,564,576,577
526,404,405,525,563,564,576,577
527,368,369,370,371,528
528,368,369,370,371,527
529,342,343,372,373,450,451,530
530,342,343,372,373,450,451,529
531,532
532,531
563,404,405,525,526,564,576,577
564,404,405,525,526,563,576,577
538,356,357,358,359,510,511,539,540
539,356,357,358,359,510,511,538,540
540,356,357,358,359,510,511,538,539
541,542,543
542,541,543
543,541,542
544,545,546,547
545,544,546,547
546,544,545,547
547,544,545,546
548,549,550
549,548,550
550,548,549
551,310,311,312,410,411,414,433,434,435,552,553,554
552,310,311,312,410,411,414,433,434,435,551,553,554
553,310,311,312,410,411,414,433,434,435,551,552,554
554,310,311,312,410,411,414,433,434,435,551,552,553
555,482,483,484,485,556,557,558
556,482,483,484,485,555,557,558
557,482,483,484,485,555,556,558
558,482,483,484,485,555,556,557
568,569
569,568
570,571
571,570
559,364,365,366,367,535,560,561,562
560,364,365,366,367,535,559,561,562
561,364,365,366,367,535,559,560,562
562,364,365,366,367,535,559,560,561
572,573
573,572
574,575
575,574
576,404,405,525,526,563,564,577
577,404,405,525,526,563,564,576
578,579
579,578
580,508,448,449,340,341
581,508,448,449,340,341
582,583
583,582
584,585
585,584
40,136,137
30,31,32
31,30,32
32,30,31
25,26,27
26,25,27
27,25,26
23,126,127,128,129
19,20,21,102,106,123,124,125,247,248,249,250
20,19,21,102,106,123,124,125,247,248,249,250
21,19,20,102,106,123,124,125,247,248,249,250
16,17,18
17,16,18
18,16,17
10,11,12,212,213,214,235
11,10,12,212,213,214,235
12,10,11,212,213,214,235
3,4,5
4,3,5
5,3,4
53,54
54,53
51,52,109,110,201,271,272
52,51,109,110,201,271,272
49,50,67,68,107,108,226
50,49,67,68,107,108,226
47,48
48,47
67,49,50,68,107,108,226
68,49,50,67,107,108,226
65,66
66,65
63,64
64,63
84,85,86
85,84,86
86,84,85
81,82,83
82,81,83
83,81,82
78,79,80,220,221,222,261,262,263
79,78,80,220,221,222,261,262,263
80,78,79,220,221,222,261,262,263
94,204,205
75,76,77,104,105
76,75,77,104,105
77,75,76,104,105
72,73,74,234,239,240,241,242
73,72,74,234,239,240,241,242
74,72,73,234,239,240,241,242
89,145,146,147,148,149
87,228,237,238,275,276
69,70,71,227
70,69,71,227
71,69,70,227
104,75,76,77,105
103,160,161,162,163,164
102,19,20,21,106,123,124,125,247,248,249,250
105,75,76,77,104
106,19,20,21,102,123,124,125,247,248,249,250
136,40,137
137,40,136
134,135,189,190
135,134,189,190
187,188
188,187
130,131,132,133
131,130,132,133
132,130,131,133
133,130,131,132
185,186
186,185
183,184
184,183
181,182
182,181
179,180
180,179
177,178
178,177
175,176
176,175
173,174
174,173
126,23,127,128,129
127,23,126,128,129
128,23,126,127,129
129,23,126,127,128
197,198
198,197
123,19,20,21,102,106,124,125,247,248,249,250
124,19,20,21,102,106,123,125,247,248,249,250
125,19,20,21,102,106,123,124,247,248,249,250
120,121,122
121,120,122
122,120,121
195,196
196,195
117,118,119,236
118,117,119,236
119,117,118,236
114,115,116,150,151,152,153,154
115,114,116,150,151,152,153,154
116,114,115,150,151,152,153,154
193,194
194,193
111,112,113
112,111,113
113,111,112
109,51,52,110,201,271,272
110,51,52,109,201,271,272
107,49,50,67,68,108,226
108,49,50,67,68,107,226
223,224
224,223
220,78,79,80,221,222,261,262,263
221,78,79,80,220,222,261,262,263
222,78,79,80,220,221,261,262,263
218,219
219,218
191,192
192,191
189,134,135,190
190,134,135,189
170,171,172
171,170,172
172,170,171
165,166,167,168,169
166,165,167,168,169
167,165,166,168,169
168,165,166,167,169
169,165,166,167,168
160,103,161,162,163,164
161,103,160,162,163,164
162,103,160,161,163,164
163,103,160,161,162,164
164,103,160,161,162,163
155,156,157,158,159,243,244,245,246
156,155,157,158,159,243,244,245,246
157,155,156,158,159,243,244,245,246
158,155,156,157,159,243,244,245,246
159,155,156,157,158,243,244,245,246
215,216,217
216,215,217
217,215,216
212,10,11,12,213,214,235
213,10,11,12,212,214,235
214,10,11,12,212,213,235
150,114,115,116,151,152,153,154
151,114,115,116,150,152,153,154
152,114,115,116,150,151,153,154
153,114,115,116,150,151,152,154
154,114,115,116,150,151,152,153
145,89,146,147,148,149
146,89,145,147,148,149
147,89,145,146,148,149
148,89,145,146,147,149
149,89,145,146,147,148
143,144
144,143
201,51,52,109,110,271,272
204,94,205
205,94,204
202,203
203,202
210,211
211,210
208,209,230,231
209,208,230,231
206,207
207,206
236,117,118,119
235,10,11,12,212,213,214
234,72,73,74,239,240,241,242
230,208,209,231
231,208,209,230
228,87,237,238,275,276
227,69,70,71
226,49,50,67,68,107,108
237,87,228,238,275,276
238,87,228,237,275,276
261,78,79,80,220,221,222,262,263
262,78,79,80,220,221,222,261,263
263,78,79,80,220,221,222,261,262
258,259,260
259,258,260
260,258,259
254,255,256,257
255,254,256,257
256,254,255,257
257,254,255,256
251,252,253
252,251,253
253,251,252
247,19,20,21,102,106,123,124,125,248,249,250
248,19,20,21,102,106,123,124,125,247,249,250
249,19,20,21,102,106,123,124,125,247,248,250
250,19,20,21,102,106,123,124,125,247,248,249
243,155,156,157,158,159,244,245,246
244,155,156,157,158,159,243,245,246
245,155,156,157,158,159,243,244,246
246,155,156,157,158,159,243,244,245
283,284
284,283
281,282
282,281
239,72,73,74,234,240,241,242
240,72,73,74,234,239,241,242
241,72,73,74,234,239,240,242
242,72,73,74,234,239,240,241
279,280
280,279
277,278
278,277
275,87,228,237,238,276
276,87,228,237,238,275
273,274
274,273
271,201,109,110,51,52
272,201,109,110,51,52
269,270
270,269
267,268
268,267
