40,136,137
30,31,32
31,30,32
32,30,31
25,26,27
26,25,27
27,25,26
23,126,127,128,129
19,20,21,102,106,123,124,125,247,248,249,250
20,19,21,102,106,123,124,125,247,248,249,250
21,19,20,102,106,123,124,125,247,248,249,250
16,17,18
17,16,18
18,16,17
10,11,12,212,213,214,235
11,10,12,212,213,214,235
12,10,11,212,213,214,235
3,4,5
4,3,5
5,3,4
53,54
54,53
51,52,109,110,201,271,272
52,51,109,110,201,271,272
49,50,67,68,107,108,226
50,49,67,68,107,108,226
47,48
48,47
67,49,50,68,107,108,226
68,49,50,67,107,108,226
65,66
66,65
63,64
64,63
84,85,86
85,84,86
86,84,85
81,82,83
82,81,83
83,81,82
78,79,80,220,221,222,261,262,263
79,78,80,220,221,222,261,262,263
80,78,79,220,221,222,261,262,263
94,204,205
75,76,77,104,105
76,75,77,104,105
77,75,76,104,105
72,73,74,234,239,240,241,242
73,72,74,234,239,240,241,242
74,72,73,234,239,240,241,242
89,145,146,147,148,149
87,228,237,238,275,276
69,70,71,227
70,69,71,227
71,69,70,227
104,75,76,77,105
103,160,161,162,163,164
102,19,20,21,106,123,124,125,247,248,249,250
105,75,76,77,104
106,19,20,21,102,123,124,125,247,248,249,250
136,40,137
137,40,136
134,135,189,190
135,134,189,190
187,188
188,187
130,131,132,133
131,130,132,133
132,130,131,133
133,130,131,132
185,186
186,185
183,184
184,183
181,182
182,181
179,180
180,179
177,178
178,177
175,176
176,175
173,174
174,173
126,23,127,128,129
127,23,126,128,129
128,23,126,127,129
129,23,126,127,128
197,198
198,197
123,19,20,21,102,106,124,125,247,248,249,250
124,19,20,21,102,106,123,125,247,248,249,250
125,19,20,21,102,106,123,124,247,248,249,250
120,121,122
121,120,122
122,120,121
195,196
196,195
117,118,119,236
118,117,119,236
119,117,118,236
114,115,116,150,151,152,153,154
115,114,116,150,151,152,153,154
116,114,115,150,151,152,153,154
193,194
194,193
111,112,113
112,111,113
113,111,112
109,51,52,110,201,271,272
110,51,52,109,201,271,272
107,49,50,67,68,108,226
108,49,50,67,68,107,226
223,224
224,223
220,78,79,80,221,222,261,262,263
221,78,79,80,220,222,261,262,263
222,78,79,80,220,221,261,262,263
218,219
219,218
191,192
192,191
189,134,135,190
190,134,135,189
170,171,172
171,170,172
172,170,171
165,166,167,168,169
166,165,167,168,169
167,165,166,168,169
168,165,166,167,169
169,165,166,167,168
160,103,161,162,163,164
161,103,160,162,163,164
162,103,160,161,163,164
163,103,160,161,162,164
164,103,160,161,162,163
155,156,157,158,159,243,244,245,246
156,155,157,158,159,243,244,245,246
157,155,156,158,159,243,244,245,246
158,155,156,157,159,243,244,245,246
159,155,156,157,158,243,244,245,246
215,216,217
216,215,217
217,215,216
212,10,11,12,213,214,235
213,10,11,12,212,214,235
214,10,11,12,212,213,235
150,114,115,116,151,152,153,154
151,114,115,116,150,152,153,154
152,114,115,116,150,151,153,154
153,114,115,116,150,151,152,154
154,114,115,116,150,151,152,153
145,89,146,147,148,149
146,89,145,147,148,149
147,89,145,146,148,149
148,89,145,146,147,149
149,89,145,146,147,148
143,144
144,143
201,51,52,109,110,271,272
204,94,205
205,94,204
202,203
203,202
210,211
211,210
208,209,230,231
209,208,230,231
206,207
207,206
236,117,118,119
235,10,11,12,212,213,214
234,72,73,74,239,240,241,242
230,208,209,231
231,208,209,230
228,87,237,238,275,276
227,69,70,71
226,49,50,67,68,107,108
237,87,228,238,275,276
238,87,228,237,275,276
261,78,79,80,220,221,222,262,263
262,78,79,80,220,221,222,261,263
263,78,79,80,220,221,222,261,262
258,259,260
259,258,260
260,258,259
254,255,256,257
255,254,256,257
256,254,255,257
257,254,255,256
251,252,253
252,251,253
253,251,252
247,19,20,21,102,106,123,124,125,248,249,250
248,19,20,21,102,106,123,124,125,247,249,250
249,19,20,21,102,106,123,124,125,247,248,250
250,19,20,21,102,106,123,124,125,247,248,249
243,155,156,157,158,159,244,245,246
244,155,156,157,158,159,243,245,246
245,155,156,157,158,159,243,244,246
246,155,156,157,158,159,243,244,245
283,284
284,283
281,282
282,281
239,72,73,74,234,240,241,242
240,72,73,74,234,239,241,242
241,72,73,74,234,239,240,242
242,72,73,74,234,239,240,241
279,280
280,279
277,278
278,277
275,87,228,237,238,276
276,87,228,237,238,275
273,274
274,273
271,201,109,110,51,52
272,201,109,110,51,52
269,270
270,269
267,268
268,267
